567907
630758
174903
672734
631299
218249
104268
203060
459311
507198
111344
573586
498024
775346
362993
928815
417654
200222
282777
494296
896852
568331
165925
139973
601489
605713
229328
541165
430441
654064
535779
879224
949444
580541
607843
202535
414256
100899
483667
691753
127791
700549
248255
109623
746265
255577
326202
284355
609897
973837
780272
142688
367682
116603
492612
343898
111038
839274
771443
668752
442637
261304
778020
373346
676048
317402
284593
627118
597907
363669
225836
342996
159284
146987
530095
111004
491526
720065
792412
500826
395249
797427
289420
454808
127675
685753
102212
819622
728149
651401
570380
247641
749097
150547
156163
987914
706943
587604
625800
613188
160120
581648
712785
179568
209397
802105
240957
875089
913527
701790
190224
266840
539876
198891
456432
277848
570148
401215
320538
690089
199115
356399
380972
129837
572235
677910
766301
424541
783764
456506
802778
280375
484894
179369
801641
489973
724384
436371
663467
628823
209967
683896
733276
250274
618860
805136
689452
227832
515105
355292
357017
692885
168044
435279
628692
759015
166412
148357
960029
695521
652480
213672
636424
167271
728182
294739
221375
169918
797639
635862
329076
286984
103939
719713
570685
431061
241705
611662
786480
618717
528479
721099
238790
804979
154293
451816
115987
803677
465008
685795
748583
402265
677915
234272
690410
181442
155171
963303
943633
571995
971492
423979
228192
413211
384830
901705
808714
552549
644186
924071
380239
756412
571276
663197
437162
233191
307659
622315
426106
208650
516834
771813
674897
963604
376676
882553
122579
153880
790070
649198
138027
215932
535569
301665
637566
473365
369040
300724
203254
928170
843554
407539
240035
120001
375455
570966
429220
666450
227055
734997
494022
848003
726381
572793
386664
515281
356684
473468
632408
402384
157463
360937
928446
637051
604326
646233
311455
683374
139137
223030
860243
597253
616994
478055
361701
484867
660915
478484
970839
511851
219545
228340
319324
255535
330134
781642
422013
689076
759418
316996
706639
510543
803514
318569
698094
547892
241998
568953
666715
554577
640927
293142
689480
629210
218503
273745
741535
866660
462581
348009
553012
420523
355942
460642
264678
706418
237158
614434
664658
992609
587691
711476
196064
760011
202956
188700
433144
425173
982086
201873
416434
383456
831848
519738
490023
553141
277888
697098
494946
535415
460776
117707
586207
765773
132463
254060
774840
496205
760901
559021
479417
345574
518576
489504
287300
575372
572731
162562
493775
289107
138425
294176
285339
788149
201831
697871
765671
472799
227881
442981
395076
728287
313243
520986
738041
296123
625854
147139
417474
294265
804233
242370
613961
792181
342142
708387
287961
136536
589502
489194
660534
635632
269899
615873
102011
432114
131961
767081
333145
723918
574091
296841
342959
567201
575457
380769
564234
202539
609151
779739
685182
724293
809649
204939
714205
727804
899692
622688
497010
591079
467686
414971
303685
653927
128675
399478
578975
771151
410083
221686
349330
275626
683173
423619
391942
563856
800447
528833
551795
243836
746731
125130
824234
790397
153327
946927
661730
555214
446263
329941
712276
474874
767934
211408
766967
117424
194024
172366
275034
273691
111881
490805
753109
478655
687288
795996
712917
796558
890372
396723
955035
651145
442669
395379
259206
196024
164468
223526
641977
311316
437968
742477
663144
128051
680881
706169
539904
687733
688955
524170
752469
306401
550157
388581
267306
755914
183831
130892
887594
268937
644609
208303
146033
341238
104384
802308
655128
942017
614044
732137
103693
938719
240432
653325
573605
284443
517870
373672
559263
703401
688291
856159
374121
419590
580632
900959
781335
641697
666147
884011
809037
502486
812089
591180
178815
234723
600536
861745
220925
291515
654956
522140
328160
493472
793684
962153
769972
411684
709559
114087
118307
149654
566011
357034
728714
340186
239061
317131
705381
134526
235995
584561
799149
335091
895653
929980
623569
378401
177795
152090
408692
213913
181819
947398
820807
604380
586091
397505
539291
987728
860901
279902
845783
109874
231633